16403:
11782
2617989
332805
16406:
1052289
2400678
2119485
2179006
660149
1492515
1116987
2239786
453979
880319
1633604
899936
2605901
154884
1512089
1173858
767843
862524
1581095
1587177
2624679
1206486
1201331
887187
1962491
1687806
169371
1800852
1285379
904576
2020457
49845
2291329
302796
1970172
861550
2465442
246856
2267788
1335828
73243
1866283
2157530
1730425
990082
2063322
2443288
2575351
2351514
2181887
2458513
2343982
602737
2236502
2356203
1579517
726454
1412821
760504
749202
707086
1688721
1536673
2404575
1053954
1000478
1005547
900593
2263157
1532067
628171
2434254
292601
2319049
2314652
2053888
331495
67065
241715
952569
1807040
2515102
942742
746127
1567908
972668
1388102
918924
412280
1503312
527478
1025749
2154534
135939
695339
2049558
645451
123241
1287287
2056624
2293014
1144940
974275
2530047
1131247
2389251
224698
321007
1445633
49673
63887
296609
897465
1310277
883372
2332647
2089371
2076333
1955970
2150641
517023
1299271
2096465
2243978
1606146
2293896
1531881
2381332
1351933
1908045
2063068
552966
873121
1243134
295702
654420
2422049
1047532
2234102
1299280
506424
2025107
2137750
536953
952766
617002
1073097
1301513
1153711
157325
379329
1162252
1913199
957866
1115819
586642
2576201
2146018
2431993
1275837
240107
1399948
81324
1199235
1081125
1637978
80768
2260709
1785853
44233
358879
1129321
104989
437581
2447540
1263280
881546
2349204
2485564
554375
867760
2292929
158803
1318254
1889330
271234
803696
102593
1223476
877713
908430
647062
968833
611440
963452
2519226
321353
118733
1865285
1860892
824314
2145970
710904
327741
2448531
1357658
512455
2180922
140267
911578
1013465
739207
1552844
1797310
1920330
1979083
7637
1354943
486849
985043
507098
1002006
255585
406165
1040275
31551
2548984
951328
2401527
2394929
1375645
1709329
434424
195147
1927385
727406
669086
1784793
2101135
2166418
294954
1264657
206428
140516
1317490
721380
918093
1453492
1144909
1063204
2537672
696264
1566824
1570377
1364040
2562434
1608775
2194798
868808
2544342
2500991
2240503
2012274
2194782
2054216
722447
1574895
648952
1170431
2114593
236617
2598360
1720056
2580432
2550798
935907
37105
1767800
781521
1146926
2544904
2002616
1185300
656421
2601140
1936766
610468
41366
781078
2392622
608072
1681097
2140213
2634092
209781
2110928
1844015
1252910
367906
8143
1502164
1623077
49735
2333795
2284699
1085035
1813137
1533489
937955
1114058
158427
2318593
2146753
219110
348838
1189630
1118268
1882248
1485227
1729995
770133
291076
2208638
268579
1354417
1781045
1122509
1984312
82662
576975
1511417
515242
1355531
2549465
1976149
484705
2422110
1909239
1243848
2374060
339160
37213
1202615
494242
603331
676135
1699477
607518
222833
1466042
1063987
2017626
2411754
2126888
1130993
2156492
2618002
2105433
1370968
1608011
748086
1336465
669518
2498672
1632413
8079
2379956
1229341
324643
1725339
904113
1105564
191228
2583779
2133584
2155918
1819825
544867
946342
2390518
2640412
2140422
1150338
876479
1769996
367506
2608637
220266
2332262
1916644
368
1177560
767418
2634001
158617
1383985
2429370
2085686
1633007
2643627
201581
1050958
314495
1194306
2575509
1199236
614642
1770828
258232
638901
943164
2424178
19710
2408103
2093893
1667782
2174384
1065127
243366
803013
1150851
1874491
2422145
1467343
1676105
1275094
492277
2407453
972265
837619
1341245
2598966
829878
514961
1276713
507613
1840130
1075238
36143
181933
1304189
176893
866430
2515460
2613785
555684
2597294
865815
669700
1108382
1112129
1317173
547087
849341
20625
1381868
87775
1450724
1458904
2049064
228625
2574566
1041148
685784
1079148
2582686
734256
1712760
1284857
1901594
2174060
2459449
1107429
1123452
705339
653697
444665
1609663
1846852
1093225
1739780
698172
2471433
715460
183704
2069154
2564639
1956443
2389549
1539502
1310695
611266
65921
1753260
1865783
661620
93532
27623
2263098
2206291
821828
2261539
42503
1285900
1067801
2164431
1589301
1323377
1072730
82826
2614880
355371
189275
2325618
1880752
378624
317243
2168319
1412439
1172892
1003878
1438099
1120902
1966884
2569741
707208
683444
1565978
1363342
2346303
636826
1688109
1801497
1025605
931003
2526741
2071543
438028
2357384
1292608
2614125
319856
427902
1640384
2076921
58402
1051134
2134072
1797238
506800
1098239
2352542
1585500
1618335
450505
2635046
285365
1637966
2044180
2598000
2038299
1843430
2618359
726897
1282424
611504
2312015
2634775
703248
16407:
844208
6678
2595551
2376215
145467
2136994
2235568
1660036
1705550
2114751
480157
2193863
1165310
286318
2368926
2481393
1264277
924664
1886638
16408:
2498345
1022487
2419134
2598515
955114
1374697
309645
1034843
963925
264360
727194
1651699
938603
1448080
431577
15889
16409:
1338075
1044624
1573976
180675
1268195
711471
451603
542540
1896832
1641:
146127
517882
1505527
827693
1572321
2134461
983293
16410:
1603516
1094282
970619
2628196
343149
609666
189920
920273
290467
187160
357046
16411:
996288
759898
1530767
990082
1292547
275424
121318
262809
923172
386278
766770
731861
347276
163261
104749
1616088
2146862
290737
2058981
16412:
1145785
459852
1849370
932347
267742
422536
2527477
2234633
1799495
2421713
1447309
1669389
1252284
2494007
1901621
2125854
2431422
2392672
365763
2608953
185042
239349
2462187
1928860
342691
1763878
1834793
426160
2145765
1975124
1166633
895427
1601116
72255
297607
1127095
2648564
2165708
377502
1243211
443569
460748
1777267
2561868
341814
506338
907798
42595
281633
1644769
326250
1676110
1178202
2130828
922804
1702844
493662
1259933
2081554
1519090
268895
1060854
1306851
645276
285904
1418443
882711
2387721
443310
1241231
2322599
595725
1631153
1701987
2151143
921396
1065494
1356835
1087733
1385104
415150
1260794
1750945
324784
2312995
351566
2101275
664989
1663326
1105145
2541760
305938
1222193
1033119
137943
1689513
2292767
96686
1732101
266443
2479267
2230377
658469
718251
143658
2264796
1671471
2590712
1517447
848801
2128107
1117768
2628198
225108
2592764
1806469
605424
2546347
1627253
1689524
1919121
191900
1636912
2371005
1579032
1084247
423037
2444633
431787
234768
1123547
274560
1717517
1019222
1369483
794276
1160170
1359713
1228818
2114727
1397809
1402858
1774778
929453
1973467
621036
16415:
339532
1809305
890749
2406060
1489623
2295279
2455592
937245
636757
2123554
1852384
1506801
2321948
1490167
1816449
666043
1915635
849362
977325
249848
2136343
177971
726884
1994162
1862830
1417907
759290
1003719
205511
999623
946156
1185341
1816939
787994
1495659
152874
1275841
2171111
2327663
1270812
2578585
1057681
98942
1411912
1198431
1807122
1500243
701449
557862
1994101
4315
1820488
1158731
2042380
293021
258170
2222344
85450
184871
1481955
2303195
1363489
1826257
2505576
765527
882115
1428273
1760601
735850
705560
1189247
1070671
2327430
544033
1003941
1804220
146088
1698802
1122744
1390824
1631484
2372626
843213
709980
2439009
1169550
2308277
634208
1504186
570575
16416:
265275
1699063
1530817
501667
16417:
2597284
322849
447282
595778
1409853
2634984
2520334
533653
86549
2349424
1309217
2546608
47091
794772
263039
16418:
999319
1622082
2192861
268467
154121
1908104
1220647
1354434
1326266
1722507
1424647
1485489
184494
2294968
1198772
1979650
1722082
1144771
199477
1614571
998395
167254
81635
2280249
1993912
1782875
1573139
2386366
1063210
1220947
332840
2306882
1468966
1908577
1995445
874951
1337012
1232534
1520164
869468
1526284
425596
144934
2477763
1360758
2495220
2596389
2589007
616028
1491000
1749191
302334
1588742
1952946
1063474
848844
592188
1466484
2492435
725980
680068
2103464
2516440
316449
126262
654680
949654
2424941
16419:
1271979
2583467
627508
1329827
591468
2623960
609084
209531
1573748
2360901
1185054
921396
562698
791164
2243262
1898697
918380
1418612
605405
703205
983338
1072957
1880119
1827776
1642:
891353
1812571
422507
49479
679396
697038
1732519
2430817
1127292
1129788
192061
1387564
1187543
1473431
468223
690579
360819
2346844
373204
330905
296905
181877
509819
1541871
609587
1559921
956746
106082
2636500
2596965
633606
1896064
1052042
2331751
2128324
2157509
2312353
916601
2145226
1222728
549833
1784146
1125481
2570617
826365
2363121
941576
957425
867679
479453
207745
1989068
1219777
565860
1856795
2489476
1094578
270318
46661
986633
2068826
1557399
43530
1980171
113996
2053553
369378
99427
620147
1132907
761150
1376513
228151
235225
756751
334644
1079783
92581
702296
2335230
642874
1893912
604969
1708601
1653438
329976
82627
1336485
1272415
1260762
1448158
1267101
2056844
1113783
2368691
536780
1631504
1042500
1541860
1858238
504535
1643517
589285
1093741
555363
2080001
1092184
2495289
188570
926579
1696030
1795059
1195095
1659538
1107189
710333
816350
2348716
1095523
1353740
414702
2581648
937974
1595541
229911
304390
511655
1611639
2040292
618338
374310
2625344
809260
606370
1900118
2159248
15188
853664
1513932
1531780
1199356
252230
2435864
2567459
2018108
2096298
1886706
254723
2092735
2324019
87683
1333330
1172882
1995835
279329
1663982
513494
1755205
2203246
2420478
1729124
136270
2264527
1219232
525060
823212
2046045
701608
1121426
170648
1274188
1119402
1927597
257639
658090
2169070
1824296
1804262
100415
609896
1177277
2211195
1551880
427833
413538
2156740
987544
1469631
566869
2480072
1430888
1523934
1760910
703806
386465
899540
1794419
1629516
326515
2074531
1190938
2512286
1122853
1276999
2501389
2383804
829323
344787
2246751
2418808
1088269
1013309
100270
892278
425049
439062
1769143
1014716
1206984
566940
1301013
1554317
96229
1764246
330833
1580045
2141897
1302335
931163
146608
999640
822414
536428
2351463
1369515
611538
1616955
1437150
828168
1377113
935245
473078
106885
2371028
1861156
492714
208786
900450
446815
587618
2484454
981475
2574349
2343780
127288
1852076
2258950
48210
2422971
889429
2370866
2224996
209324
966311
2128440
1458741
2136067
1591744
2500411
1407403
819018
1929564
1546190
1440305
750136
646619
1236634
1499745
110752
83914
1741979
850624
702619
938006
2338311
1412102
1130712
198833
736554
651027
2323423
1207821
993362
1279984
2577195
90542
2269524
940575
611844
2302834
968736
1095866
278400
79451
55238
2166842
1996957
139652
1324587
919394
84092
2459395
1787423
2243157
953430
2414580
1738971
269201
511029
1851082
63575
1637024
623901
2422250
537132
620126
2531604
394462
1606447
1708560
1556031
2005823
1108503
844886
1402628
868596
1865009
2099295
2027501
759398
369069
1808448
582597
813079
1827859
361403
1733121
1024359
902324
1654095
713349
2316187
722175
1199488
1391956
251000
2621380
2322360
274409
1749868
1752547
586287
2239131
1923691
634519
2352031
773447
986178
1326562
2607559
1577626
162014
941026
35495
226171
933260
465036
275607
2586631
2579849
1735424
1275030
506053
1640900
1397700
937541
1796671
2375427
573819
477004
983237
2472691
1176940
772258
358463
1139219
2206492
2378059
2376438
2395533
1811
1023172
2616388
2143444
2210318
1994711
1782714
466473
1266342
52352
2170990
1993958
685264
569471
1443070
120732
1234115
1203793
1477089
1400417
1383216
2340353
1146333
273988
2227822
247745
1556368
2610733
1756767
1684297
1044774
2211317
924331
1041672
2279907
31934
1798057
1651430
2299533
610950
1129984
361313
1920631
908837
2509221
2439408
906829
611325
403674
1202518
176118
1140255
2077513
2050297
1011158
1273979
1658546
2181561
958531
1807548
438673
1465183
1839767
1521172
806991
873750
1330370
2271182
1128350
2131259
715024
1825232
828083
377937
381565
468213
1580270
137682
844309
980778
1604313
2453978
1870474
1275924
1953937
1288158
2124964
2482384
715248
959999
1126778
2280662
1423833
2498041
2137882
2121465
259799
1247024
877619
1838074
968203
31825
2518662
2216786
1266778
1658868
2023366
337576
1100083
621491
1586806
2271061
130851
105322
116868
418260
1291776
1764584
1763439
2610020
1049249
710391
1605212
1805036
840608
1132330
265350
1725750
1199280
2432070
243743
1546992
298043
1725751
1185577
863802
1116585
2079829
2444094
256742
370510
224647
812107
1123774
120549
1017739
433391
1220875
1878813
146546
279966
1713238
2038372
719447
2528455
2523525
1140996
2148545
2429044
1343299
2096164
372063
401293
1581211
782325
1482989
2597618
890647
339698
1627732
468142
761220
2579563
2234915
988436
2316642
1867044
664084
349608
1094708
175820
92857
1547491
875245
2036712
1866871
370388
1542642
1440079
2514671
1164527
470201
2565298
1854179
2239098
2213642
570212
1835953
2332780
1966119
2246064
587216
1145967
1541132
2637269
971235
936834
34722
3941
318756
1239722
1440329
1967206
1716591
2597336
2210622
1172104
862891
261555
758002
920058
135761
1696202
2055607
730742
270698
2562833
761641
1698579
1062569
2147009
2148018
818724
2353350
1220179
1487868
2413737
2103344
1964266
1306732
468986
2546570
1416577
1254363
183425
874269
1933181
134972
1533120
42246
1089545
1273678
1975141
407114
771312
1065535
2635244
449990
540683
621851
958717
51064
832408
2494388
495419
2596224
1909168
594857
1394196
1812039
781672
835311
2456344
1789345
1855431
1064046
2643067
304095
339906
805460
590872
721948
1977208
1467606
722503
1864263
1739597
2234444
1321604
693945
2053049
1881684
340611
801443
1442549
2067755
339197
1492810
2029059
232822
411177
1012955
2597662
1822571
1312114
346816
867075
1854155
2308436
649855
1495256
1693312
866756
1209178
395160
1063825
1802246
1911866
214334
2097445
573102
1029503
2386121
1500762
2578458
435619
128553
1202493
2566202
1797672
2542793
264047
642079
2315241
2224973
1241269
2546034
1461242
2294229
2007667
1865481
519969
731941
149199
1231560
1124474
1425636
663880
2106707
2629002
72761
902212
1312935
305025
426716
1227440
42510
1118149
1462717
656561
1204891
1517565
2002171
2598378
980924
1927502
615845
670581
1339634
1620205
1267382
1711622
802112
834646
822501
2092525
1796326
116411
1362974
402041
901763
2518410
875343
459671
294663
1641798
1619536
2069857
630741
1055633
81338
1179548
2112997
113701
556384
843269
818380
1097788
1598540
819443
1958637
369321
731913
947801
2102149
1322996
867532
783446
1376862
2027280
587845
2513372
1568024
1556237
548709
283436
2033770
2172301
1539118
1519349
2022983
395521
649078
1820581
878784
1606419
605319
990494
1343072
1794837
312689
477883
1628816
2087695
1828871
1683208
952554
893736
2011470
1330148
2000549
2165124
783616